animal	Heat	trtgrp	time
1	3.86	0	0
1	3.92	0	6
1	3.97	0	13.5
1	3.86	0	21
1	3.91	0	28.5
1	4.05	0	36
1	3.68	0	42
1	2.44	0	49.5
1	3.41	0	57
1	3.24	0	64.5
1	2.76	0	72
1	3.23	0	78
1	2.94	0	85.5
1	4.2	0	93
1	2.68	0	100.5
1	2.5	0	108
1	2.88	0	114
1	3.4	0	121.5
1	2.77	0	129
1	3.13	0	136.5
1	3.29	0	144
1	3.64	0	150
1	3.28	0	157.5
1	2.58	0	165
1	3.09	0	172.5
1	3.04	0	180
1	1.97	0	186
1	2.82	0	193.5
1	2.39	0	201
1	2.35	0	208.5
1	2.67	0	216
1	3.44	0	222
1	2.65	0	229.5
1	3.39	0	237
1	3.56	0	244.5
1	2.92	0	252
1	2.72	0	258
1	2.47	0	265.5
1	3.09	0	273
1	2.51	0	280.5
1	2.99	0	288
1	3	0	294
1	3.39	0	301.5
1	3.26	0	309
1	3.07	0	316.5
1	2.55	0	324
1	2.99	0	330
1	2.73	0	337.5
1	3.36	0	345
1	2.46	0	352.5
1	2.63	0	360
1	2.62	0	366
1	3.14	0	373.5
1	2.91	0	381
1	2.03	0	388.5
1	2.84	0	396
1	2.22	0	402
1	2.81	0	409.5
1	2.66	0	417
1	2.34	0	424.5
1	2.34	0	432
1	3.03	0	438
1	2.88	0	445.5
1	2.29	0	453
1	2.79	0	460.5
1	2.43	0	468
1	2.43	0	474
1	2.86	0	481.5
1	2.85	0	489
1	2.61	0	496.5
1	2.62	0	504
1	2.3	0	510
1	2.28	0	517.5
1	2.2	0	525
1	2.2	0	532.5
1	2.26	0	540
1	2.15	0	546
1	2.59	0	553.5
1	2.26	0	561
1	2.3	0	568.5
1	2.85	0	576
1	3.07	0	582
1	2.59	0	589.5
1	2.47	0	597
1	2.35	0	604.5
1	2.49	0	612
1	2.27	0	618
1	2.48	0	625.5
1	3.06	0	633
1	3.18	0	640.5
1	2.41	0	648
1	2.5	0	654
1	2.12	0	661.5
1	2.94	0	669
1	3.07	0	676.5
1	2.31	0	684
1	2.82	0	690
1	2.87	0	697.5
1	3.17	0	705
1	2.57	0	712.5
1	2.21	0	720
1	2.57	0	726
1	2.08	0	733.5
1	2.33	0	741
1	2.14	0	748.5
1	2.17	0	756
1	2.38	0	762
1	2.93	0	769.5
1	4.28	0	777
1	2.09	0	784.5
1	3.01	0	792
1	3.49	0	798
1	3.71	0	805.5
1	2.68	0	813
1	2.26	0	820.5
1	2.14	0	828
1	2.46	0	834
1	2.09	0	841.5
1	2.64	0	849
1	2.33	0	856.5
1	2.13	0	864
1	2.17	0	870
1	1.85	0	877.5
1	1.92	0	885
1	2	0	892.5
1	2.11	0	900
1	2.16	0	906
1	1.92	0	913.5
1	2.11	0	921
1	2.08	0	928.5
1	1.82	0	936
1	2.09	0	942
1	2.07	0	949.5
1	1.8	0	957
1	1.99	0	964.5
1	1.8	0	972
1	1.93	0	978
1	2.01	0	985.5
1	2.07	0	993
1	1.93	0	1000.5
1	1.95	0	1008
1	2.13	0	1014
1	2.44	0	1021.5
1	2.47	0	1029
1	2.85	0	1036.5
1	3.22	0	1044
1	2.47	0	1050
1	2.19	0	1057.5
1	2.74	0	1065
1	1.8	0	1072.5
1	2.16	0	1080
1	2.65	0	1086
1	2.26	0	1093.5
1	2.27	0	1101
1	1.72	0	1108.5
1	2.14	0	1116
1	2.12	0	1122
1	3.02	0	1129.5
1	2.47	0	1137
1	3.11	0	1144.5
1	3.15	0	1152
1	2.55	0	1158
1	2.32	0	1165.5
1	2.26	0	1173
1	2.49	0	1180.5
1	2.04	0	1188
1	2.27	0	1194
1	2.62	0	1201.5
1	2.91	0	1209
1	2.71	0	1216.5
1	2.91	0	1224
1	3.19	0	1230
1	2.87	0	1237.5
1	2.79	0	1245
1	2.57	0	1252.5
1	2.38	0	1260
1	2.45	0	1266
1	2.31	0	1273.5
1	2.4	0	1281
1	2.41	0	1288.5
1	2.63	0	1296
1	3.17	0	1302
1	3.03	0	1309.5
1	2.69	0	1317
1	2.37	0	1324.5
1	2.52	0	1332
1	3.11	0	1338
1	4.01	0	1345.5
1	3.11	0	1353
1	2.62	0	1360.5
1	2.37	0	1368
1	2.99	0	1374
1	2.82	0	1381.5
1	2.43	0	1389
1	2.34	0	1396.5
1	2.19	0	1404
1	2.54	0	1410
2	3.74	0	0
2	3.68	0	7.5
2	3.67	0	13.5
2	3.85	0	21
2	3	0	28.5
2	3.35	0	36
2	2.69	0	43.5
2	2.82	0	49.5
2	2.12	0	57
2	2.39	0	64.5
2	2.56	0	72
2	2.69	0	79.5
2	2.66	0	85.5
2	3.2	0	93
2	2.88	0	100.5
2	2.21	0	108
2	2.57	0	115.5
2	2.97	0	121.5
2	2.47	0	129
2	2.57	0	136.5
2	2.75	0	144
2	2.83	0	151.5
2	2.54	0	157.5
2	2.42	0	165
2	3.18	0	172.5
2	2.46	0	180
2	3.54	0	187.5
2	3.17	0	193.5
2	2.99	0	201
2	3.32	0	208.5
2	3.08	0	216
2	2.47	0	223.5
2	2.25	0	229.5
2	2.69	0	237
2	2.55	0	244.5
2	2.5	0	252
2	2.33	0	259.5
2	2.23	0	265.5
2	2.31	0	273
2	2.32	0	280.5
2	2.3	0	288
2	2.46	0	295.5
2	3.11	0	301.5
2	3.39	0	309
2	3.17	0	316.5
2	2.92	0	324
2	3.55	0	331.5
2	2.33	0	337.5
2	2.3	0	345
2	2.36	0	352.5
2	2.28	0	360
2	2.57	0	367.5
2	2.23	0	373.5
2	2.26	0	381
2	2.15	0	388.5
2	2.16	0	396
2	2.76	0	403.5
2	3.42	0	409.5
2	2.58	0	417
2	2.9	0	424.5
2	2.47	0	432
2	2.25	0	439.5
2	2.44	0	445.5
2	2.22	0	453
2	2.8	0	460.5
2	2.15	0	468
2	2.48	0	475.5
2	2.16	0	481.5
2	2.76	0	489
2	2.78	0	496.5
2	2.5	0	504
2	2.29	0	511.5
2	2.43	0	517.5
2	2.11	0	525
2	2.31	0	532.5
2	2.8	0	540
2	3.11	0	547.5
2	2.86	0	553.5
2	2.11	0	561
2	2.37	0	568.5
2	2.08	0	576
2	2.23	0	583.5
2	2.45	0	589.5
2	2.36	0	597
2	2.78	0	604.5
2	3	0	612
2	2.4	0	619.5
2	2.35	0	625.5
2	3.28	0	633
2	2.66	0	640.5
2	2.2	0	648
2	2.5	0	655.5
2	2.18	0	661.5
2	2.47	0	669
2	2.58	0	676.5
2	2.88	0	684
2	2.67	0	691.5
2	2.67	0	697.5
2	2.35	0	705
2	2.12	0	712.5
2	2.43	0	720
2	2.15	0	727.5
2	2.19	0	733.5
2	2.58	0	741
2	2.02	0	748.5
2	2.11	0	756
2	2.01	0	763.5
2	2.07	0	769.5
2	2.05	0	777
2	2.15	0	784.5
2	2.65	0	792
2	2.71	0	799.5
2	3.11	0	805.5
2	2.56	0	813
2	2.32	0	820.5
2	2.39	0	828
2	2.13	0	835.5
2	2.12	0	841.5
2	2.47	0	849
2	3.02	0	856.5
2	2.38	0	864
2	2	0	871.5
2	2.1	0	877.5
2	1.89	0	885
2	2.19	0	892.5
2	2.22	0	900
2	1.89	0	907.5
2	1.87	0	913.5
2	1.98	0	921
2	1.86	0	928.5
2	1.9	0	936
2	1.97	0	943.5
2	1.99	0	949.5
2	1.93	0	957
2	2.17	0	964.5
2	1.84	0	972
2	2.03	0	979.5
2	1.91	0	985.5
2	1.89	0	993
2	1.92	0	1000.5
2	1.85	0	1008
2	1.9	0	1015.5
2	2.09	0	1021.5
2	1.86	0	1029
2	2.53	0	1036.5
2	2.06	0	1044
2	1.87	0	1051.5
2	1.87	0	1057.5
2	2.29	0	1065
2	1.93	0	1072.5
2	1.86	0	1080
2	1.85	0	1087.5
2	1.79	0	1093.5
2	1.92	0	1101
2	1.78	0	1108.5
2	1.82	0	1116
2	1.94	0	1123.5
2	1.83	0	1129.5
2	1.91	0	1137
2	1.91	0	1144.5
2	1.89	0	1152
2	2.33	0	1159.5
2	2.8	0	1165.5
2	2.67	0	1173
2	2.83	0	1180.5
2	2.35	0	1188
2	2.57	0	1195.5
2	2.38	0	1201.5
2	2.89	0	1209
2	2.42	0	1216.5
2	2.56	0	1224
2	2.82	0	1231.5
2	2.74	0	1237.5
2	2.3	0	1245
2	2.93	0	1252.5
2	2.87	0	1260
2	2.38	0	1267.5
2	2.24	0	1273.5
2	1.97	0	1281
2	2.26	0	1288.5
2	2.23	0	1296
2	3.05	0	1303.5
2	2.64	0	1309.5
2	3.02	0	1317
2	2.96	0	1324.5
2	2.11	0	1332
2	2.38	0	1339.5
2	2.2	0	1345.5
2	2.34	0	1353
2	2.16	0	1360.5
2	2.5	0	1368
2	2.42	0	1375.5
2	2.45	0	1381.5
2	2.24	0	1389
2	2.63	0	1396.5
2	2.71	0	1404
3	2.45	0	0
3	2.23	0	7.5
3	2.59	0	13.5
3	2.43	0	21
3	2.29	0	28.5
3	2.18	0	36
3	2.17	0	43.5
3	2.61	0	49.5
3	2.35	0	57
3	2.95	0	64.5
3	3.01	0	72
3	2.84	0	79.5
3	2.54	0	85.5
3	2.44	0	93
3	2.12	0	100.5
3	2.09	0	108
3	2.11	0	115.5
3	2.17	0	121.5
3	2.23	0	129
3	2.61	0	136.5
3	2.05	0	144
3	2.08	0	151.5
3	2.32	0	157.5
3	2.16	0	165
3	2.21	0	172.5
3	1.95	0	180
3	2.12	0	187.5
3	2.34	0	193.5
3	2.14	0	201
3	2.55	0	208.5
3	2.95	0	216
3	3.44	0	223.5
3	3.16	0	229.5
3	2.9	0	237
3	3.1	0	244.5
3	3.17	0	252
3	2.28	0	259.5
3	2.49	0	265.5
3	2.37	0	273
3	2.38	0	280.5
3	2.2	0	288
3	2.23	0	295.5
3	3.02	0	301.5
3	3.18	0	309
3	2.88	0	316.5
3	3.17	0	324
3	3.12	0	331.5
3	3.14	0	337.5
3	2.75	0	345
3	2.31	0	352.5
3	2.25	0	360
3	2.09	0	367.5
3	2.34	0	373.5
3	2.21	0	381
3	2.08	0	388.5
3	2.12	0	396
3	2.49	0	403.5
3	2.68	0	409.5
3	2.84	0	417
3	2.94	0	424.5
3	2.96	0	432
3	3.64	0	439.5
3	2.79	0	445.5
3	2.32	0	453
3	2.17	0	460.5
3	2.04	0	468
3	2.07	0	475.5
3	2.38	0	481.5
3	2.38	0	489
3	2.01	0	496.5
3	2.08	0	504
3	2.05	0	511.5
3	2.2	0	517.5
3	1.9	0	525
3	2.07	0	532.5
3	2.38	0	540
3	3.2	0	547.5
3	2.69	0	553.5
3	2.72	0	561
3	3	0	568.5
3	2.84	0	576
3	2.12	0	583.5
3	2.19	0	589.5
3	2	0	597
3	2.06	0	604.5
3	1.9	0	612
3	2.29	0	619.5
3	2.03	0	625.5
3	2.1	0	633
3	1.95	0	640.5
3	2.01	0	648
3	2.27	0	655.5
3	2.02	0	661.5
3	1.98	0	669
3	1.99	0	676.5
3	1.91	0	684
3	1.79	0	691.5
3	2.02	0	697.5
3	2.45	0	705
3	2.46	0	712.5
3	3.1	0	720
3	2.15	0	727.5
3	2.02	0	733.5
3	1.97	0	741
3	1.83	0	748.5
3	1.88	0	756
3	1.84	0	763.5
3	1.96	0	769.5
3	1.86	0	777
3	1.74	0	784.5
3	1.67	0	792
3	1.51	0	799.5
3	1.85	0	805.5
3	1.79	0	813
3	1.74	0	820.5
3	1.79	0	828
3	1.73	0	835.5
3	1.89	0	841.5
3	1.81	0	849
3	1.75	0	856.5
3	1.69	0	864
3	1.73	0	871.5
3	2.34	0	877.5
3	2.58	0	885
3	2.84	0	892.5
3	1.94	0	900
3	1.81	0	907.5
3	1.77	0	913.5
3	1.76	0	921
3	1.91	0	928.5
3	1.79	0	936
3	1.75	0	943.5
3	1.89	0	949.5
3	2.11	0	957
3	1.89	0	964.5
3	1.77	0	972
3	1.91	0	979.5
3	1.85	0	985.5
3	2.14	0	993
3	2.63	0	1000.5
3	2.65	0	1008
3	1.88	0	1015.5
3	2.08	0	1021.5
3	2.6	0	1029
3	2.49	0	1036.5
3	2.36	0	1044
3	2.01	0	1051.5
3	1.94	0	1057.5
3	1.96	0	1065
3	2.39	0	1072.5
3	1.96	0	1080
3	1.88	0	1087.5
3	1.91	0	1093.5
3	1.83	0	1101
3	2.32	0	1108.5
3	2.54	0	1116
3	3.3	0	1123.5
3	2.74	0	1129.5
3	2.7	0	1137
3	1.97	0	1144.5
3	1.74	0	1152
3	1.82	0	1159.5
3	1.98	0	1165.5
3	1.83	0	1173
3	1.8	0	1180.5
3	2.03	0	1188
3	2.59	0	1195.5
3	2.9	0	1201.5
3	2.96	0	1209
3	3.02	0	1216.5
3	3.03	0	1224
3	3.22	0	1231.5
3	2.93	0	1237.5
3	3.37	0	1245
3	3.37	0	1252.5
3	2.65	0	1260
3	2.35	0	1267.5
3	2.04	0	1273.5
3	2.16	0	1281
3	2.19	0	1288.5
3	2.76	0	1296
3	3.06	0	1303.5
3	2.86	0	1309.5
3	2.36	0	1317
3	2.31	0	1324.5
3	2.32	0	1332
3	2.1	0	1339.5
3	2.49	0	1345.5
3	2.33	0	1353
3	2.29	0	1360.5
3	2.64	0	1368
3	3.05	0	1375.5
3	3.09	0	1381.5
3	3.06	0	1389
3	3.11	0	1396.5
3	3.07	0	1404
4	2.76	0	0
4	2.01	0	7.5
4	1.81	0	15
4	2.65	0	21
4	3.11	0	28.5
4	2.98	0	36
4	3.01	0	43.5
4	2.91	0	51
4	3.15	0	57
4	3.09	0	64.5
4	3.31	0	72
4	2.83	0	79.5
4	2.28	0	87
4	2.68	0	93
4	3.32	0	100.5
4	2.57	0	108
4	2.34	0	115.5
4	2.15	0	123
4	2.22	0	129
4	2.1	0	136.5
4	2.91	0	144
4	2.84	0	151.5
4	2.82	0	159
4	2.91	0	165
4	3.2	0	172.5
4	2.88	0	180
4	2.24	0	187.5
4	2.16	0	195
4	2.36	0	201
4	2.46	0	208.5
4	2.25	0	216
4	2.22	0	223.5
4	3.03	0	231
4	2.99	0	237
4	3.23	0	244.5
4	2.44	0	252
4	2.17	0	259.5
4	2.04	0	267
4	2.55	0	273
4	2.25	0	280.5
4	2.32	0	288
4	2.52	0	295.5
4	2.6	0	303
4	3.18	0	309
4	2.79	0	316.5
4	2.52	0	324
4	2.41	0	331.5
4	2.37	0	339
4	2.49	0	345
4	2.32	0	352.5
4	2.87	0	360
4	3.08	0	367.5
4	2.88	0	375
4	3.2	0	381
4	3.62	0	388.5
4	2.96	0	396
4	3.04	0	403.5
4	2.46	0	411
4	3.05	0	417
4	3.28	0	424.5
4	2.98	0	432
4	2.99	0	439.5
4	2.45	0	447
4	2.5	0	453
4	2.3	0	460.5
4	1.92	0	468
4	2.13	0	475.5
4	2.24	0	483
4	2.99	0	489
4	2.84	0	496.5
4	2.87	0	504
4	3.21	0	511.5
4	3.01	0	519
4	2.72	0	525
4	2.98	0	532.5
4	3.43	0	540
4	1.91	0	547.5
4	1.73	0	555
4	1.98	0	561
4	1.92	0	568.5
4	2.36	0	576
4	2.11	0	583.5
4	1.94	0	591
4	2.01	0	597
4	2.12	0	604.5
4	2.1	0	612
4	1.88	0	619.5
4	1.82	0	627
4	2.18	0	633
4	2.28	0	640.5
4	2.14	0	648
4	1.82	0	655.5
4	1.73	0	663
4	2.16	0	669
4	2.29	0	676.5
4	3.36	0	684
4	2.65	0	691.5
4	2.97	0	699
4	2.13	0	705
4	1.89	0	712.5
4	2.13	0	720
4	1.83	0	727.5
4	1.74	0	735
4	1.78	0	741
4	1.93	0	748.5
4	1.94	0	756
4	1.83	0	763.5
4	1.71	0	771
4	1.84	0	777
4	1.75	0	784.5
4	2.14	0	792
4	1.78	0	799.5
4	1.87	0	807
4	1.82	0	813
4	1.72	0	820.5
4	1.94	0	828
4	2.39	0	835.5
4	2.45	0	843
4	3.17	0	849
4	2.76	0	856.5
4	2.86	0	864
4	2.38	0	871.5
4	2.1	0	879
4	2.14	0	885
4	2.28	0	892.5
4	2.05	0	900
4	2.02	0	907.5
4	1.91	0	915
4	1.93	0	921
4	1.99	0	928.5
4	2.12	0	936
4	2.2	0	943.5
4	1.86	0	951
4	1.8	0	957
4	2.41	0	964.5
4	2	0	972
4	1.71	0	979.5
4	1.76	0	987
4	1.69	0	993
4	2.34	0	1000.5
4	2.56	0	1008
4	2.01	0	1015.5
4	2.43	0	1023
4	2.62	0	1029
4	2.61	0	1036.5
4	2.67	0	1044
4	2.82	0	1051.5
4	2.27	0	1059
4	2.08	0	1065
4	2.29	0	1072.5
4	1.83	0	1080
4	2.21	0	1087.5
4	2.14	0	1095
4	2.21	0	1101
4	1.98	0	1108.5
4	1.99	0	1116
4	1.88	0	1123.5
4	1.8	0	1131
4	1.98	0	1137
4	1.66	0	1144.5
4	2.24	0	1152
4	1.91	0	1159.5
4	2.21	0	1167
4	2.33	0	1173
4	2	0	1180.5
4	1.92	0	1188
4	1.97	0	1195.5
4	2.56	0	1203
4	2.85	0	1209
4	2.62	0	1216.5
4	2.81	0	1224
4	2.88	0	1231.5
4	2.85	0	1239
4	2.96	0	1245
4	2.47	0	1252.5
4	2.38	0	1260
4	2.12	0	1267.5
4	1.79	0	1275
4	2.12	0	1281
4	2.11	0	1288.5
4	2.61	0	1296
4	2.26	0	1303.5
4	2.16	0	1311
4	2.11	0	1317
4	1.9	0	1324.5
4	1.92	0	1332
4	1.95	0	1339.5
4	2.52	0	1347
4	2.38	0	1353
4	3.22	0	1360.5
4	2.96	0	1368
4	2.87	0	1375.5
4	2.91	0	1383
4	2.78	0	1389
4	3.35	0	1396.5
5	3.29	0	0
5	3.96	0	6
5	3.47	0	13.5
5	3.52	0	21
5	3.25	0	28.5
5	3.15	0	36
5	3.02	0	42
5	3.54	0	49.5
5	3	0	57
5	3.38	0	64.5
5	2.54	0	72
5	2.62	0	78
5	3.26	0	85.5
5	3	0	93
5	3.07	0	100.5
5	3.12	0	108
5	3.2	0	114
5	2.6	0	121.5
5	2.69	0	129
5	2.8	0	136.5
5	3.27	0	144
5	2.89	0	150
5	2.65	0	157.5
5	2.51	0	165
5	2.12	0	172.5
5	2.31	0	180
5	2.13	0	186
5	2.21	0	193.5
5	2.69	0	201
5	3.16	0	208.5
5	3.15	0	216
5	3.47	0	222
5	3.15	0	229.5
5	2.6	0	237
5	2.4	0	244.5
5	2.67	0	252
5	2.34	0	258
5	3.09	0	265.5
5	3.49	0	273
5	2.41	0	280.5
5	2.53	0	288
5	2.5	0	294
5	2.42	0	301.5
5	2.31	0	309
5	3.41	0	316.5
5	2.36	0	324
5	2.54	0	330
5	2.91	0	337.5
5	3.3	0	345
5	3.35	0	352.5
5	3.43	0	360
5	2.66	0	366
5	2.34	0	373.5
5	2.61	0	381
5	2.31	0	388.5
5	2.4	0	396
5	2.28	0	402
5	2.15	0	409.5
5	2.19	0	417
5	2.33	0	424.5
5	2.95	0	432
5	3.12	0	438
5	2.95	0	445.5
5	2.6	0	453
5	3.34	0	460.5
5	3.42	0	468
5	3.46	0	474
5	3.26	0	481.5
5	2.42	0	489
5	2.28	0	496.5
5	3.12	0	504
5	2.83	0	510
5	1.95	0	517.5
5	2.21	0	525
5	2.14	0	532.5
5	2.5	0	540
5	2.2	0	546
5	2.38	0	553.5
5	2.08	0	561
5	2.14	0	568.5
5	2.17	0	576
5	1.9	0	582
5	2.9	0	589.5
5	2.3	0	597
5	2.03	0	604.5
5	2.29	0	612
5	2.56	0	618
5	2.79	0	625.5
5	2.93	0	633
5	3.03	0	640.5
5	2.56	0	648
5	2.25	0	654
5	2.42	0	661.5
5	2.27	0	669
5	3.06	0	676.5
5	2.26	0	684
5	2.09	0	690
5	2.03	0	697.5
5	2.16	0	705
5	1.91	0	712.5
5	2.66	0	720
5	2.16	0	726
5	1.92	0	733.5
5	2.32	0	741
5	2.04	0	748.5
5	1.8	0	756
5	2.11	0	762
5	1.94	0	769.5
5	2.54	0	777
5	2.29	0	784.5
5	2.18	0	792
5	1.83	0	798
5	1.88	0	805.5
5	1.93	0	813
5	1.68	0	820.5
5	2.15	0	828
5	1.98	0	834
5	2.12	0	841.5
5	2.1	0	849
5	1.91	0	856.5
5	1.91	0	864
5	2.75	0	870
5	2.86	0	877.5
5	2.76	0	885
5	1.94	0	892.5
5	2.53	0	900
5	1.88	0	906
5	2.62	0	913.5
5	2.36	0	921
5	1.92	0	928.5
5	2.06	0	936
5	2.16	0	942
5	1.88	0	949.5
5	1.95	0	957
5	1.94	0	964.5
5	1.81	0	972
5	2.12	0	978
5	2.13	0	985.5
5	2.38	0	993
5	2.93	0	1000.5
5	2.79	0	1008
5	2.76	0	1014
5	2.19	0	1021.5
5	2.2	0	1029
5	2.76	0	1036.5
5	2.43	0	1044
5	2.56	0	1050
5	2.25	0	1057.5
5	2.19	0	1065
5	2.21	0	1072.5
5	2.29	0	1080
5	2.35	0	1086
5	2.17	0	1093.5
5	1.97	0	1101
5	1.9	0	1108.5
5	2.5	0	1116
5	2.87	0	1122
5	3.16	0	1129.5
5	2.94	0	1137
5	2.64	0	1144.5
5	2.72	0	1152
5	2.97	0	1158
5	3.67	0	1165.5
5	3.77	0	1173
5	2.91	0	1180.5
5	2.96	0	1188
5	2.66	0	1194
5	2.37	0	1201.5
5	2.55	0	1209
5	2.58	0	1216.5
5	2.33	0	1224
5	2.31	0	1230
5	2.59	0	1237.5
5	3.27	0	1245
5	2.68	0	1252.5
5	2.37	0	1260
5	2.06	0	1266
5	1.92	0	1273.5
5	2.19	0	1281
5	2.47	0	1288.5
5	2.05	0	1296
5	1.93	0	1302
5	2.06	0	1309.5
5	2.32	0	1317
5	3.21	0	1324.5
5	2.99	0	1332
5	3.36	0	1338
5	3.67	0	1345.5
5	3.49	0	1353
5	3.3	0	1360.5
5	3.39	0	1368
5	3.52	0	1374
5	2.68	0	1381.5
5	2.91	0	1389
5	3.13	0	1396.5
5	2.52	0	1404
6	3.44	0	0
6	3	0	7.5
6	3.16	0	13.5
6	2.45	0	21
6	2.12	0	28.5
6	2.59	0	36
6	3.05	0	43.5
6	3.28	0	49.5
6	2.66	0	57
6	2.8	0	64.5
6	3.27	0	72
6	2.58	0	79.5
6	3	0	85.5
6	2.05	0	93
6	2.31	0	100.5
6	2.47	0	108
6	2.29	0	115.5
6	2.71	0	121.5
6	2.54	0	129
6	2.41	0	136.5
6	2.83	0	144
6	2.82	0	151.5
6	2.6	0	157.5
6	3.08	0	165
6	2.36	0	172.5
6	2.54	0	180
6	2.27	0	187.5
6	2.57	0	193.5
6	2.44	0	201
6	2.18	0	208.5
6	2.2	0	216
6	2.36	0	223.5
6	2.06	0	229.5
6	2.16	0	237
6	2.85	0	244.5
6	2.41	0	252
6	2.97	0	259.5
6	2.28	0	265.5
6	2.2	0	273
6	2.36	0	280.5
6	2.09	0	288
6	2.06	0	295.5
6	2.12	0	301.5
6	2.09	0	309
6	2.05	0	316.5
6	2.27	0	324
6	3.14	0	331.5
6	3.84	0	337.5
6	2.66	0	345
6	2.86	0	352.5
6	2.61	0	360
6	2.21	0	367.5
6	2.66	0	373.5
6	2.09	0	381
6	2.18	0	388.5
6	2.39	0	396
6	3.01	0	403.5
6	2.64	0	409.5
6	3.86	0	417
6	3.19	0	424.5
6	3.51	0	432
6	2.17	0	439.5
6	2.84	0	445.5
6	2.28	0	453
6	2.49	0	460.5
6	2.72	0	468
6	2.22	0	475.5
6	2.36	0	481.5
6	2.34	0	489
6	2.31	0	496.5
6	2.74	0	504
6	3.39	0	511.5
6	3.04	0	517.5
6	2.71	0	525
6	3.63	0	532.5
6	2.74	0	540
6	2.41	0	547.5
6	2.47	0	553.5
6	2.33	0	561
6	3.25	0	568.5
6	2.45	0	576
6	2.36	0	583.5
6	2.88	0	589.5
6	2.96	0	597
6	2.93	0	604.5
6	2.91	0	612
6	2.79	0	619.5
6	2.43	0	625.5
6	2.89	0	633
6	2.78	0	640.5
6	2.86	0	648
6	2.89	0	655.5
6	3.24	0	661.5
6	3.11	0	669
6	2.44	0	676.5
6	2.59	0	684
6	3.08	0	691.5
6	2.63	0	697.5
6	3.52	0	705
6	2.71	0	712.5
6	2.62	0	720
6	2.38	0	727.5
6	2.62	0	733.5
6	2.2	0	741
6	2.58	0	748.5
6	2.24	0	756
6	2.19	0	763.5
6	2.16	0	769.5
6	2.23	0	777
6	2.18	0	784.5
6	2.18	0	792
6	2.18	0	799.5
6	2.07	0	805.5
6	2.06	0	813
6	2.1	0	820.5
6	2.26	0	828
6	2.06	0	835.5
6	2.03	0	841.5
6	2.02	0	849
6	1.95	0	856.5
6	2.24	0	864
6	1.99	0	871.5
6	2.02	0	877.5
6	2.09	0	885
6	1.93	0	892.5
6	1.94	0	900
6	1.91	0	907.5
6	2.25	0	913.5
6	2.18	0	921
6	2.02	0	928.5
6	2.85	0	936
6	3.09	0	943.5
6	2.53	0	949.5
6	2.16	0	957
6	2.24	0	964.5
6	2.77	0	972
6	3.34	0	979.5
6	2.92	0	985.5
6	3.66	0	993
6	2.6	0	1000.5
6	2.36	0	1008
6	3.38	0	1015.5
6	2.61	0	1021.5
6	2.3	0	1029
6	2.27	0	1036.5
6	2.27	0	1044
6	2.12	0	1051.5
6	2.67	0	1057.5
6	2.04	0	1065
6	2.35	0	1072.5
6	2.08	0	1080
6	2.01	0	1087.5
6	3.02	0	1093.5
6	2.05	0	1101
6	2.36	0	1108.5
6	1.74	0	1116
6	2.03	0	1123.5
6	2.11	0	1129.5
6	1.93	0	1137
6	1.86	0	1144.5
6	1.97	0	1152
6	2.5	0	1159.5
6	2.23	0	1165.5
6	2.16	0	1173
6	2.21	0	1180.5
6	1.92	0	1188
6	2.04	0	1195.5
6	2.13	0	1201.5
6	1.82	0	1209
6	1.86	0	1216.5
6	2.31	0	1224
6	2.81	0	1231.5
6	2.7	0	1237.5
6	3.43	0	1245
6	2.37	0	1252.5
6	2.51	0	1260
6	2.02	0	1267.5
6	2.08	0	1273.5
6	2.16	0	1281
6	1.98	0	1288.5
6	2.56	0	1296
6	2.27	0	1303.5
6	2.11	0	1309.5
6	2.56	0	1317
6	3.6	0	1324.5
6	2.38	0	1332
6	3.02	0	1339.5
6	2.26	0	1345.5
6	2.19	0	1353
6	2.05	0	1360.5
6	2.11	0	1368
6	2.18	0	1375.5
6	2.47	0	1381.5
6	2.3	0	1389
6	3.03	0	1396.5
6	3.02	0	1404
7	3.05	1	0
7	2.29	1	7.5
7	2.25	1	13.5
7	2.26	1	21
7	2.31	1	28.5
7	2.13	1	36
7	2.28	1	43.5
7	2.28	1	49.5
7	2.99	1	57
7	3.33	1	64.5
7	3.31	1	72
7	3.52	1	79.5
7	2.77	1	85.5
7	2.38	1	93
7	2.39	1	100.5
7	2.57	1	108
7	2.57	1	115.5
7	2.44	1	121.5
7	2.34	1	129
7	2.46	1	136.5
7	2.88	1	144
7	3.27	1	151.5
7	2.75	1	157.5
7	2.33	1	165
7	2.29	1	172.5
7	2.65	1	180
7	2.25	1	187.5
7	2.32	1	193.5
7	2.28	1	201
7	2.36	1	208.5
7	3.02	1	216
7	3.23	1	223.5
7	3.54	1	229.5
7	2.6	1	237
7	2.64	1	244.5
7	2.81	1	252
7	2.23	1	259.5
7	2.33	1	265.5
7	2.35	1	273
7	2.41	1	280.5
7	2.7	1	288
7	3.02	1	295.5
7	3.57	1	301.5
7	3.58	1	309
7	3.33	1	316.5
7	2.8	1	324
7	2.54	1	331.5
7	2.53	1	337.5
7	2.93	1	345
7	3.49	1	352.5
7	3.68	1	360
7	2.96	1	367.5
7	2.71	1	373.5
7	2.48	1	381
7	2.9	1	388.5
7	2.97	1	396
7	2.45	1	403.5
7	2.91	1	409.5
7	2.75	1	417
7	2.5	1	424.5
7	2.35	1	432
7	3.16	1	439.5
7	3.31	1	445.5
7	3.5	1	453
7	2.72	1	460.5
7	2.6	1	468
7	2.44	1	475.5
7	2.57	1	481.5
7	2.54	1	489
7	2.48	1	496.5
7	2.59	1	504
7	2.86	1	511.5
7	2.52	1	517.5
7	2.3	1	525
7	2.52	1	532.5
7	2.38	1	540
7	3.17	1	547.5
7	3.23	1	553.5
7	3.24	1	561
7	3.04	1	568.5
7	2.91	1	576
7	2.72	1	583.5
7	3.37	1	589.5
7	2.82	1	597
7	3.33	1	604.5
7	3.16	1	612
7	2.62	1	619.5
7	2.63	1	625.5
7	2.85	1	633
7	3.14	1	640.5
7	2.48	1	648
7	2.31	1	655.5
7	2.35	1	661.5
7	2.39	1	669
7	2.95	1	676.5
7	3.23	1	684
7	3.2	1	691.5
7	3.38	1	697.5
7	2.78	1	705
7	2.52	1	712.5
7	2.37	1	720
7	2.31	1	727.5
7	2.25	1	733.5
7	2.35	1	741
7	2.18	1	748.5
7	2.16	1	756
7	2.24	1	763.5
7	2.23	1	769.5
7	2.13	1	777
7	2.21	1	784.5
7	2.12	1	792
7	2.17	1	799.5
7	1.97	1	805.5
7	2.27	1	813
7	2.04	1	820.5
7	2.14	1	828
7	2	1	835.5
7	2.04	1	841.5
7	2.4	1	849
7	2.46	1	856.5
7	2.13	1	864
7	2.07	1	871.5
7	1.98	1	877.5
7	2.17	1	885
7	2.25	1	892.5
7	2.66	1	900
7	2.88	1	907.5
7	3.21	1	913.5
7	3	1	921
7	3.02	1	928.5
7	2.5	1	936
7	2.26	1	943.5
7	2.13	1	949.5
7	2.19	1	957
7	2.11	1	964.5
7	2.26	1	972
7	2.1	1	979.5
7	2.24	1	985.5
7	2.25	1	993
7	2.24	1	1000.5
7	2.19	1	1008
7	2.09	1	1015.5
7	2.32	1	1021.5
7	2.27	1	1029
7	1.9	1	1036.5
7	2.17	1	1044
7	2.14	1	1051.5
7	2.1	1	1057.5
7	2.25	1	1065
7	2.14	1	1072.5
7	2.24	1	1080
7	2.04	1	1087.5
7	2.16	1	1093.5
7	2.53	1	1101
7	2.6	1	1108.5
7	3.19	1	1116
7	2.8	1	1123.5
7	2.89	1	1129.5
7	3.45	1	1137
7	3.09	1	1144.5
7	3.22	1	1152
7	2.9	1	1159.5
7	3.58	1	1165.5
7	3.67	1	1173
7	2.66	1	1180.5
7	2.39	1	1188
7	2.47	1	1195.5
7	2.55	1	1201.5
7	2.35	1	1209
7	2.36	1	1216.5
7	2.21	1	1224
7	2.13	1	1231.5
7	2.21	1	1237.5
7	2.25	1	1245
7	2.39	1	1252.5
7	2.15	1	1260
7	2.12	1	1267.5
7	2.24	1	1273.5
7	2.13	1	1281
7	2.27	1	1288.5
7	2.28	1	1296
7	3	1	1303.5
7	3.09	1	1309.5
7	3.15	1	1317
7	3.49	1	1324.5
7	3.7	1	1332
7	2.65	1	1339.5
7	2.45	1	1345.5
7	2.47	1	1353
7	2.4	1	1360.5
7	2.4	1	1368
7	2.34	1	1375.5
7	2.41	1	1381.5
7	2.24	1	1389
7	2.27	1	1396.5
7	2.44	1	1404
7	2.86	1	1411.5
7	3.21	1	1417.5
7	3.23	1	1425
7	3.22	1	1432.5
8	2.44	1	0
8	2.66	1	7.5
8	2.9	1	15
8	3.29	1	21
8	3.34	1	28.5
8	2.52	1	36
8	3.05	1	43.5
8	3.03	1	51
8	3.06	1	57
8	3.16	1	64.5
8	3.79	1	72
8	2.61	1	79.5
8	2.48	1	87
8	2.25	1	93
8	2.25	1	100.5
8	2.18	1	108
8	2.16	1	115.5
8	2.2	1	123
8	2.88	1	129
8	2.85	1	136.5
8	3.32	1	144
8	3.11	1	151.5
8	2.41	1	159
8	2.3	1	165
8	2.3	1	172.5
8	2.25	1	180
8	2.54	1	187.5
8	3.27	1	195
8	2.84	1	201
8	2.46	1	208.5
8	2.23	1	216
8	2.62	1	223.5
8	2.73	1	231
8	2.84	1	237
8	3.01	1	244.5
8	2.92	1	252
8	3.02	1	259.5
8	2.53	1	267
8	2.42	1	273
8	2.27	1	280.5
8	2.26	1	288
8	2.28	1	295.5
8	2.07	1	303
8	2.56	1	309
8	2.72	1	316.5
8	2.84	1	324
8	2.82	1	331.5
8	2.85	1	339
8	2.47	1	345
8	2.31	1	352.5
8	2.37	1	360
8	2.34	1	367.5
8	2.17	1	375
8	2.18	1	381
8	2.65	1	388.5
8	2.82	1	396
8	2.9	1	403.5
8	2.89	1	411
8	2.81	1	417
8	2.93	1	424.5
8	2.92	1	432
8	2.94	1	439.5
8	2.42	1	447
8	2.26	1	453
8	2.5	1	460.5
8	1.96	1	468
8	2.18	1	475.5
8	1.74	1	483
8	2.06	1	489
8	2.23	1	496.5
8	1.99	1	504
8	2.58	1	511.5
8	2.76	1	519
8	3.05	1	525
8	2.28	1	532.5
8	2.1	1	540
8	1.93	1	547.5
8	2.13	1	555
8	1.96	1	561
8	1.93	1	568.5
8	1.98	1	576
8	1.9	1	583.5
8	2.05	1	591
8	1.88	1	597
8	1.86	1	604.5
8	1.87	1	612
8	1.86	1	619.5
8	1.75	1	627
8	1.78	1	633
8	2.08	1	640.5
8	1.9	1	648
8	1.71	1	655.5
8	2.1	1	663
8	2.06	1	669
8	1.64	1	676.5
8	1.67	1	684
8	1.8	1	691.5
8	1.71	1	699
8	1.69	1	705
8	1.83	1	712.5
8	1.63	1	720
8	1.6	1	727.5
8	1.74	1	735
8	2.13	1	741
8	1.68	1	748.5
8	1.86	1	756
8	1.64	1	763.5
8	1.64	1	771
8	1.87	1	777
8	1.65	1	784.5
8	1.55	1	792
8	1.69	1	799.5
8	1.54	1	807
8	1.55	1	813
8	1.73	1	820.5
8	1.55	1	828
8	1.56	1	835.5
8	1.57	1	843
8	1.63	1	849
8	1.57	1	856.5
8	1.51	1	864
8	1.45	1	871.5
8	2.02	1	879
8	2.26	1	885
8	1.8	1	892.5
8	1.58	1	900
8	1.52	1	907.5
8	1.47	1	915
8	1.51	1	921
8	1.63	1	928.5
8	1.5	1	936
8	1.45	1	943.5
8	1.49	1	951
8	1.65	1	957
8	1.56	1	964.5
8	1.74	1	972
8	2.06	1	979.5
8	1.81	1	987
8	1.57	1	993
8	1.51	1	1000.5
8	1.57	1	1008
8	1.62	1	1015.5
8	1.45	1	1023
8	1.56	1	1029
8	1.68	1	1036.5
8	1.58	1	1044
8	1.43	1	1051.5
8	1.66	1	1059
8	1.9	1	1065
8	2.3	1	1072.5
8	1.87	1	1080
8	1.48	1	1087.5
8	1.7	1	1095
8	1.58	1	1101
8	1.69	1	1108.5
8	1.94	1	1116
8	1.93	1	1123.5
8	2.74	1	1131
8	2.54	1	1137
8	2.63	1	1144.5
8	2.59	1	1152
8	2.53	1	1159.5
8	2.68	1	1167
8	2.76	1	1173
8	3.02	1	1180.5
8	2.27	1	1188
8	2.08	1	1195.5
8	2.1	1	1203
8	2.04	1	1209
8	2.15	1	1216.5
8	2.88	1	1224
8	2.67	1	1231.5
8	3.26	1	1239
8	2.14	1	1245
8	2.16	1	1252.5
8	2.05	1	1260
8	1.79	1	1267.5
8	2.53	1	1275
8	2.81	1	1281
8	2.83	1	1288.5
8	2.55	1	1296
8	2.75	1	1303.5
8	2.29	1	1311
8	2.17	1	1317
8	2.12	1	1324.5
8	2.17	1	1332
8	2.04	1	1339.5
8	2.05	1	1347
8	2.14	1	1353
8	2.74	1	1360.5
8	2.94	1	1368
8	2.92	1	1375.5
8	2.35	1	1383
8	2.79	1	1389
8	2.9	1	1396.5
8	2.58	1	1404
8	2.23	1	1411.5
8	2.21	1	1419
8	2.11	1	1425
8	2.45	1	1432.5
9	2.54	1	0
9	2.43	1	7.5
9	2.65	1	15
9	2.66	1	22.5
9	2.48	1	28.5
9	2.43	1	36
9	2.47	1	43.5
9	2.42	1	51
9	2.45	1	58.5
9	2.74	1	64.5
9	2.9	1	72
9	3.16	1	79.5
9	3.18	1	87
9	3.29	1	94.5
9	3.42	1	100.5
9	3.44	1	108
9	3.26	1	115.5
9	2.71	1	123
9	2.55	1	130.5
9	2.54	1	136.5
9	2.85	1	144
9	2.47	1	151.5
9	2.44	1	159
9	2.45	1	166.5
9	2.42	1	172.5
9	2.92	1	180
9	3.37	1	187.5
9	2.78	1	195
9	3.45	1	202.5
9	3.32	1	208.5
9	3.3	1	216
9	2.76	1	223.5
9	2.59	1	231
9	2.58	1	238.5
9	2.59	1	244.5
9	2.51	1	252
9	2.39	1	259.5
9	2.7	1	267
9	3.18	1	274.5
9	3.25	1	280.5
9	3.27	1	288
9	3.36	1	295.5
9	3.38	1	303
9	3.52	1	310.5
9	2.77	1	316.5
9	2.62	1	324
9	2.59	1	331.5
9	2.62	1	339
9	2.51	1	346.5
9	3.44	1	352.5
9	3.33	1	360
9	3	1	367.5
9	2.44	1	375
9	2.45	1	382.5
9	2.52	1	388.5
9	2.34	1	396
9	2.43	1	403.5
9	2.38	1	411
9	2.68	1	418.5
9	2.79	1	424.5
9	3.07	1	432
9	3.26	1	439.5
9	3.4	1	447
9	3.64	1	454.5
9	3.39	1	460.5
9	3.42	1	468
9	3.1	1	475.5
9	2.71	1	483
9	2.64	1	490.5
9	2.6	1	496.5
9	2.34	1	504
9	2.41	1	511.5
9	2.56	1	519
9	3.21	1	526.5
9	2.87	1	532.5
9	2.98	1	540
9	3.25	1	547.5
9	3.27	1	555
9	2.97	1	562.5
9	2.8	1	568.5
9	3.77	1	576
9	2.69	1	583.5
9	2.41	1	591
9	2.57	1	598.5
9	2.48	1	604.5
9	2.43	1	612
9	2.68	1	619.5
9	2.54	1	627
9	2.34	1	634.5
9	2.25	1	640.5
9	2.28	1	648
9	2.46	1	655.5
9	2.43	1	663
9	2.34	1	670.5
9	2.35	1	676.5
9	2.12	1	684
9	2.32	1	691.5
9	2.11	1	699
9	2.38	1	706.5
9	2.2	1	712.5
9	2.11	1	720
9	2.38	1	727.5
9	2.18	1	735
9	2.82	1	742.5
9	2.73	1	748.5
9	2.65	1	756
9	2.76	1	763.5
9	3.06	1	771
9	3.05	1	778.5
9	2.24	1	784.5
9	2.07	1	792
9	2.34	1	799.5
9	2.18	1	807
9	2.14	1	814.5
9	2.19	1	820.5
9	2.25	1	828
9	2.1	1	835.5
9	1.99	1	843
9	2.04	1	850.5
9	1.97	1	856.5
9	2.02	1	864
9	1.77	1	871.5
9	2.05	1	879
9	1.93	1	886.5
9	1.85	1	892.5
9	2.04	1	900
9	1.93	1	907.5
9	1.81	1	915
9	2.22	1	922.5
9	2.03	1	928.5
9	2.59	1	936
9	2.12	1	943.5
9	2.01	1	951
9	1.85	1	958.5
9	1.91	1	964.5
9	1.97	1	972
9	1.87	1	979.5
9	2.09	1	987
9	2	1	994.5
9	1.9	1	1000.5
9	2.11	1	1008
9	1.78	1	1015.5
9	1.95	1	1023
9	1.92	1	1030.5
9	1.93	1	1036.5
9	1.75	1	1044
9	1.7	1	1051.5
9	1.85	1	1059
9	2.08	1	1066.5
9	1.96	1	1072.5
9	2.2	1	1080
9	2.28	1	1087.5
9	2.46	1	1095
9	2.27	1	1102.5
9	1.84	1	1108.5
9	2.56	1	1116
9	2.34	1	1123.5
9	2.92	1	1131
9	2.71	1	1138.5
9	2.6	1	1144.5
9	2.87	1	1152
9	2.91	1	1159.5
9	2.98	1	1167
9	2.49	1	1174.5
9	2.48	1	1180.5
9	2.18	1	1188
9	2.09	1	1195.5
9	2.26	1	1203
9	2.04	1	1210.5
9	2.13	1	1216.5
9	2.07	1	1224
9	2.22	1	1231.5
9	2.03	1	1239
9	2.05	1	1246.5
9	2.14	1	1252.5
9	2	1	1260
9	1.91	1	1267.5
9	2.11	1	1275
9	2.87	1	1282.5
9	2.89	1	1288.5
9	2.93	1	1296
9	3.11	1	1303.5
9	2.89	1	1311
9	3.36	1	1318.5
9	3.51	1	1324.5
9	3.34	1	1332
9	2.65	1	1339.5
9	2.58	1	1347
9	2.3	1	1354.5
9	2.32	1	1360.5
9	2.39	1	1368
9	2.87	1	1375.5
9	2.38	1	1383
9	2.39	1	1390.5
9	2.25	1	1396.5
9	2.32	1	1404
9	2.41	1	1411.5
9	2.74	1	1419
9	3.15	1	1426.5
9	3.27	1	1432.5
10	3.05	1	0
10	2.89	1	6
10	3.35	1	13.5
10	3.43	1	21
10	2.59	1	28.5
10	2.37	1	36
10	2.36	1	42
10	2.26	1	49.5
10	2.75	1	57
10	2.82	1	64.5
10	3.56	1	72
10	3.81	1	78
10	3.05	1	85.5
10	3.04	1	93
10	3.14	1	100.5
10	2.51	1	108
10	2.43	1	114
10	2.38	1	121.5
10	2.48	1	129
10	2.78	1	136.5
10	3.29	1	144
10	2.64	1	150
10	2.14	1	157.5
10	2.13	1	165
10	2.1	1	172.5
10	2.62	1	180
10	2.8	1	186
10	3.38	1	193.5
10	3.79	1	201
10	2.38	1	208.5
10	2.35	1	216
10	2.12	1	222
10	2.3	1	229.5
10	2.54	1	237
10	2.86	1	244.5
10	2.75	1	252
10	2.96	1	258
10	2.25	1	265.5
10	2.49	1	273
10	2.18	1	280.5
10	2.55	1	288
10	3.15	1	294
10	2.99	1	301.5
10	3.01	1	309
10	2.99	1	316.5
10	2.46	1	324
10	2.35	1	330
10	2.37	1	337.5
10	2.67	1	345
10	3.22	1	352.5
10	3.3	1	360
10	4.35	1	366
10	2.95	1	373.5
10	2.57	1	381
10	2.43	1	388.5
10	1.97	1	396
10	2.67	1	402
10	2.52	1	409.5
10	2.57	1	417
10	3.79	1	424.5
10	2.78	1	432
10	3.42	1	438
10	2.61	1	445.5
10	2.26	1	453
10	2.36	1	460.5
10	2.56	1	468
10	2.9	1	474
10	2.5	1	481.5
10	2.83	1	489
10	3.29	1	496.5
10	2.24	1	504
10	2.19	1	510
10	2.2	1	517.5
10	2.38	1	525
10	2.16	1	532.5
10	2.91	1	540
10	2.05	1	546
10	2.36	1	553.5
10	2.49	1	561
10	2.52	1	568.5
10	2.35	1	576
10	2.66	1	582
10	2.05	1	589.5
10	2.07	1	597
10	2.06	1	604.5
10	2.33	1	612
10	2.16	1	618
10	3.11	1	625.5
10	3.11	1	633
10	2.19	1	640.5
10	1.82	1	648
10	2.35	1	654
10	2.08	1	661.5
10	2.11	1	669
10	2.45	1	676.5
10	1.8	1	684
10	1.78	1	690
10	2.72	1	697.5
10	3.1	1	705
10	2.07	1	712.5
10	1.86	1	720
10	1.88	1	726
10	1.94	1	733.5
10	2.46	1	741
10	2.04	1	748.5
10	2.05	1	756
10	1.82	1	762
10	2.14	1	769.5
10	2.5	1	777
10	2.52	1	784.5
10	2.14	1	792
10	2.04	1	798
10	1.89	1	805.5
10	1.76	1	813
10	2.44	1	820.5
10	2.67	1	828
10	2.61	1	834
10	2.19	1	841.5
10	1.86	1	849
10	1.89	1	856.5
10	1.8	1	864
10	1.91	1	870
10	2	1	877.5
10	2.62	1	885
10	2.14	1	892.5
10	2.25	1	900
10	2.87	1	906
10	2.32	1	913.5
10	1.71	1	921
10	1.73	1	928.5
10	1.88	1	936
10	2.14	1	942
10	1.74	1	949.5
10	1.78	1	957
10	2.04	1	964.5
10	4.64	1	972
10	2.46	1	978
10	2.65	1	985.5
10	2.37	1	993
10	1.99	1	1000.5
10	2.03	1	1008
10	2.03	1	1014
10	2.11	1	1021.5
10	2.04	1	1029
10	2.14	1	1036.5
10	2.64	1	1044
10	2.58	1	1050
10	2.71	1	1057.5
10	2.42	1	1065
10	2.2	1	1072.5
10	2.08	1	1080
10	2.16	1	1086
10	2.18	1	1093.5
10	2.05	1	1101
10	2.03	1	1108.5
10	1.88	1	1116
10	2.57	1	1122
10	2.89	1	1129.5
10	2.68	1	1137
10	2.8	1	1144.5
10	3.63	1	1152
10	3.19	1	1158
10	2.62	1	1165.5
10	2.57	1	1173
10	2.31	1	1180.5
10	2.26	1	1188
10	2.2	1	1194
10	2.47	1	1201.5
10	2.69	1	1209
10	2.81	1	1216.5
10	2.66	1	1224
10	2.42	1	1230
10	2.25	1	1237.5
10	2.26	1	1245
10	2.32	1	1252.5
10	2.21	1	1260
10	2.28	1	1266
10	2.22	1	1273.5
10	2.37	1	1281
10	2.05	1	1288.5
10	1.98	1	1296
10	3.2	1	1302
10	3.21	1	1309.5
10	3.03	1	1317
10	3.4	1	1324.5
10	3.4	1	1332
10	2.99	1	1338
10	2.43	1	1345.5
10	2.26	1	1353
10	2.31	1	1360.5
10	2.26	1	1368
10	2.11	1	1374
10	2.2	1	1381.5
10	2.68	1	1389
10	2.83	1	1396.5
10	2.92	1	1404
10	2.84	1	1410
10	3.54	1	1417.5
10	3.56	1	1425
10	2.72	1	1432.5
11	3.58	1	0
11	3.35	1	6
11	3.27	1	13.5
11	3.89	1	21
11	3.14	1	28.5
11	4.15	1	36
11	3.9	1	42
11	4.15	1	49.5
11	3.42	1	57
11	3.28	1	64.5
11	3.15	1	72
11	3.82	1	78
11	3	1	85.5
11	2.85	1	93
11	2.76	1	100.5
11	2.66	1	108
11	2.66	1	114
11	2.53	1	121.5
11	3.2	1	129
11	2.97	1	136.5
11	3.31	1	144
11	3.43	1	150
11	3.58	1	157.5
11	3.33	1	165
11	3.54	1	172.5
11	3.1	1	180
11	3.52	1	186
11	3.52	1	193.5
11	4.19	1	201
11	3.71	1	208.5
11	2.95	1	216
11	2.73	1	222
11	2.59	1	229.5
11	2.59	1	237
11	2.47	1	244.5
11	2.88	1	252
11	2.6	1	258
11	2.6	1	265.5
11	2.39	1	273
11	2.45	1	280.5
11	3.03	1	288
11	3.06	1	294
11	3.32	1	301.5
11	2.81	1	309
11	2.57	1	316.5
11	2.5	1	324
11	2.55	1	330
11	2.43	1	337.5
11	2.53	1	345
11	2.52	1	352.5
11	2.37	1	360
11	2.61	1	366
11	2.11	1	373.5
11	2.31	1	381
11	2.5	1	388.5
11	3.05	1	396
11	2.91	1	402
11	3.08	1	409.5
11	3.21	1	417
11	2.73	1	424.5
11	2.18	1	432
11	2.34	1	438
11	2.53	1	445.5
11	2.36	1	453
11	2.28	1	460.5
11	2.23	1	468
11	2.32	1	474
11	2.8	1	481.5
11	2.33	1	489
11	2.44	1	496.5
11	2.28	1	504
11	2.28	1	510
11	2.92	1	517.5
11	2.99	1	525
11	3.44	1	532.5
11	2.96	1	540
11	2.32	1	546
11	2.52	1	553.5
11	2.19	1	561
11	2.29	1	568.5
11	2.25	1	576
11	2.31	1	582
11	2.25	1	589.5
11	2.17	1	597
11	2.13	1	604.5
11	2.51	1	612
11	2.51	1	618
11	2.16	1	625.5
11	2.8	1	633
11	2.75	1	640.5
11	2.28	1	648
11	2.01	1	654
11	2.16	1	661.5
11	2.25	1	669
11	2.19	1	676.5
11	2.11	1	684
11	2.14	1	690
11	2.31	1	697.5
11	2.18	1	705
11	2.17	1	712.5
11	2.48	1	720
11	2.67	1	726
11	2.75	1	733.5
11	2.9	1	741
11	2.51	1	748.5
11	2.14	1	756
11	2.28	1	762
11	2.24	1	769.5
11	2.23	1	777
11	2.62	1	784.5
11	2.62	1	792
11	2.23	1	798
11	2.08	1	805.5
11	2.92	1	813
11	2.55	1	820.5
11	2.85	1	828
11	2.39	1	834
11	2.26	1	841.5
11	2.58	1	849
11	2.97	1	856.5
11	3.15	1	864
11	2.68	1	870
11	2.34	1	877.5
11	2.23	1	885
11	2.22	1	892.5
11	2.3	1	900
11	2.15	1	906
11	2.23	1	913.5
11	2.24	1	921
11	2.45	1	928.5
11	2.24	1	936
11	2.32	1	942
11	2.23	1	949.5
11	2.2	1	957
11	2.65	1	964.5
11	3.39	1	972
11	2.75	1	978
11	3.03	1	985.5
11	3.07	1	993
11	2.9	1	1000.5
11	3.07	1	1008
11	2.52	1	1014
11	2.52	1	1021.5
11	2.27	1	1029
11	2.49	1	1036.5
11	2.41	1	1044
11	2.44	1	1050
11	2.34	1	1057.5
11	2.23	1	1065
11	2.18	1	1072.5
11	2.52	1	1080
11	2.6	1	1086
11	3.44	1	1093.5
11	3.09	1	1101
11	3.14	1	1108.5
11	3.1	1	1116
11	2.54	1	1122
11	2.73	1	1129.5
11	2.36	1	1137
11	2.37	1	1144.5
11	2.2	1	1152
11	2.49	1	1158
11	3.04	1	1165.5
11	3.18	1	1173
11	3.35	1	1180.5
11	3.3	1	1188
11	3.15	1	1194
11	3.4	1	1201.5
11	2.95	1	1209
11	3.22	1	1216.5
11	3.43	1	1224
11	3.07	1	1230
11	3.31	1	1237.5
11	2.74	1	1245
11	2.5	1	1252.5
11	2.73	1	1260
11	2.65	1	1266
11	2.39	1	1273.5
11	2.43	1	1281
11	2.84	1	1288.5
11	3.32	1	1296
11	2.64	1	1302
11	2.56	1	1309.5
11	2.4	1	1317
11	2.48	1	1324.5
11	2.49	1	1332
11	3.1	1	1338
11	3.21	1	1345.5
11	3.46	1	1353
11	3.36	1	1360.5
12	3.43	1	0
12	3.41	1	7.5
12	3.08	1	13.5
12	2.88	1	21
12	2.2	1	28.5
12	2.46	1	36
12	2.56	1	43.5
12	2.11	1	49.5
12	1.89	1	57
12	1.95	1	64.5
12	1.84	1	72
12	1.76	1	79.5
12	1.83	1	85.5
12	1.97	1	93
12	1.79	1	100.5
12	1.76	1	108
12	1.7	1	115.5
12	1.83	1	121.5
12	1.75	1	129
12	1.92	1	136.5
12	1.64	1	144
12	1.81	1	151.5
12	2.02	1	157.5
12	1.63	1	165
12	1.64	1	172.5
12	1.6	1	180
12	2.03	1	187.5
12	1.63	1	193.5
12	1.67	1	201
12	1.54	1	208.5
12	1.63	1	216
12	1.59	1	223.5
12	1.88	1	229.5
12	1.96	1	237
12	1.49	1	244.5
12	1.47	1	252
12	1.54	1	259.5
12	1.52	1	265.5
12	1.57	1	273
12	1.48	1	280.5
12	1.53	1	288
12	1.64	1	295.5
12	1.83	1	301.5
12	2.03	1	309
12	2.08	1	316.5
12	1.6	1	324
12	1.37	1	331.5
12	1.42	1	337.5
12	1.42	1	345
12	1.42	1	352.5
12	1.51	1	360
12	1.21	1	367.5
12	1.27	1	373.5
12	1.3	1	381
12	1.43	1	388.5
12	1.33	1	396
12	1.92	1	403.5
12	2.13	1	409.5
12	1.42	1	417
12	1.43	1	424.5
12	1.69	1	432
12	1.59	1	439.5
12	1.81	1	445.5
12	1.27	1	453
12	1.4	1	460.5
12	1.42	1	468
12	1.57	1	475.5
12	1.51	1	481.5
12	1.48	1	489
12	1.43	1	496.5
12	1.52	1	504
12	1.84	1	511.5
12	1.68	1	517.5
12	1.36	1	525
12	1.34	1	532.5
12	1.39	1	540
12	1.47	1	547.5
12	1.3	1	553.5
12	1.42	1	561
12	1.51	1	568.5
12	1.48	1	576
12	1.35	1	583.5
12	1.3	1	589.5
12	1.58	1	597
12	1.99	1	604.5
12	1.64	1	612
12	1.38	1	619.5
12	1.37	1	625.5
12	1.43	1	633
12	1.28	1	640.5
12	1.38	1	648
12	1.54	1	655.5
12	1.71	1	661.5
12	1.8	1	669
12	2.1	1	676.5
12	1.93	1	684
12	1.61	1	691.5
12	1.45	1	697.5
12	1.38	1	705
12	1.36	1	712.5
12	1.36	1	720
12	1.38	1	727.5
12	1.4	1	733.5
12	1.81	1	741
12	1.4	1	748.5
12	1.55	1	756
12	1.65	1	763.5
12	2.06	1	769.5
12	2	1	777
12	1.49	1	784.5
12	1.37	1	792
12	1.35	1	799.5
12	1.47	1	805.5
12	1.55	1	813
12	1.49	1	820.5
12	1.4	1	828
12	1.41	1	835.5
12	2.13	1	841.5
12	1.56	1	849
12	1.5	1	856.5
12	1.53	1	864
12	1.47	1	871.5
12	2.1	1	877.5
12	2.02	1	885
12	2.21	1	892.5
12	1.56	1	900
12	1.58	1	907.5
12	1.46	1	913.5
12	1.44	1	921
12	1.5	1	928.5
12	1.59	1	936
12	1.37	1	943.5
12	1.53	1	949.5
12	1.54	1	957
12	1.39	1	964.5
12	1.37	1	972
12	1.54	1	979.5
12	1.49	1	985.5
12	1.35	1	993
12	1.44	1	1000.5
12	1.35	1	1008
12	2.07	1	1015.5
12	2.3	1	1021.5
12	2.43	1	1029
12	1.53	1	1036.5
12	1.74	1	1044
12	1.92	1	1051.5
12	2.33	1	1057.5
12	2.28	1	1065
12	1.78	1	1072.5
12	1.57	1	1080
12	1.36	1	1087.5
12	1.38	1	1093.5
12	1.53	1	1101
12	1.3	1	1108.5
12	1.29	1	1116
12	1.93	1	1123.5
12	2.12	1	1129.5
12	1.64	1	1137
12	1.49	1	1144.5
12	1.35	1	1152
12	1.4	1	1159.5
12	1.31	1	1165.5
12	1.41	1	1173
12	1.55	1	1180.5
12	1.42	1	1188
12	1.49	1	1195.5
12	1.65	1	1201.5
12	1.43	1	1209
12	1.47	1	1216.5
12	1.98	1	1224
12	1.78	1	1231.5
12	1.98	1	1237.5
12	2.1	1	1245
12	1.88	1	1252.5
12	1.96	1	1260
12	1.76	1	1267.5
12	2.42	1	1273.5
12	2.17	1	1281
12	1.64	1	1288.5
12	1.23	1	1296
12	1.16	1	1303.5
12	1.49	1	1309.5
12	1.41	1	1317
12	1.4	1	1324.5
12	1.4	1	1332
12	1.43	1	1339.5
12	1.67	1	1345.5
12	1.55	1	1353
12	1.53	1	1360.5
13	3.68	2	0
13	3.63	2	7.5
13	2.88	2	15
13	2.78	2	21
13	3.19	2	28.5
13	2.86	2	36
13	2.73	2	43.5
13	2.68	2	51
13	3.24	2	57
13	2.63	2	64.5
13	3.46	2	72
13	2.91	2	79.5
13	2.99	2	87
13	2.71	2	93
13	2.66	2	100.5
13	3.1	2	108
13	2.63	2	115.5
13	2.91	2	123
13	2.5	2	129
13	3.05	2	136.5
13	2.54	2	144
13	2.46	2	151.5
13	2.46	2	159
13	3.49	2	165
13	2.65	2	172.5
13	2.73	2	180
13	2.69	2	187.5
13	2.75	2	195
13	2.24	2	201
13	2.96	2	208.5
13	2.9	2	216
13	2.7	2	223.5
13	2.4	2	231
13	2.29	2	237
13	2.58	2	244.5
13	2.87	2	252
13	2.47	2	259.5
13	2.59	2	267
13	3.09	2	273
13	2.49	2	280.5
13	2.43	2	288
13	2.33	2	295.5
13	2.51	2	303
13	2.99	2	309
13	2.44	2	316.5
13	2.53	2	324
13	3.45	2	331.5
13	2.72	2	339
13	2.65	2	345
13	2.71	2	352.5
13	2.53	2	360
13	2.57	2	367.5
13	2.28	2	375
13	3.09	2	381
13	2.39	2	388.5
13	2.52	2	396
13	2.43	2	403.5
13	2.75	2	411
13	2.46	2	417
13	2.91	2	424.5
13	2.33	2	432
13	2.29	2	439.5
13	2.39	2	447
13	2.15	2	453
13	2.98	2	460.5
13	2.6	2	468
13	2.31	2	475.5
13	2.52	2	483
13	2.39	2	489
13	2.2	2	496.5
13	2.35	2	504
13	2.39	2	511.5
13	2.25	2	519
13	2.27	2	525
13	2.08	2	532.5
13	2.16	2	540
13	2.78	2	547.5
13	3.06	2	555
13	2.49	2	561
13	2.23	2	568.5
13	2.19	2	576
13	2.11	2	583.5
13	2.43	2	591
13	3.01	2	597
13	2.69	2	604.5
13	2.31	2	612
13	2.26	2	619.5
13	2.57	2	627
13	2.55	2	633
13	2.22	2	640.5
13	2.22	2	648
13	2.05	2	655.5
13	2.52	2	663
13	2.94	2	669
13	2.54	2	676.5
13	2.39	2	684
13	2.55	2	691.5
13	2.71	2	699
13	2.75	2	705
13	2.2	2	712.5
13	2.08	2	720
13	2.12	2	727.5
13	2.18	2	735
13	2.39	2	741
13	2.31	2	748.5
13	2.64	2	756
13	2.11	2	763.5
13	2.45	2	771
13	2.07	2	777
13	2.21	2	784.5
13	2.84	2	792
13	2.73	2	799.5
13	2.22	2	807
13	2.62	2	813
13	2.01	2	820.5
13	2.05	2	828
13	2.43	2	835.5
13	2.08	2	843
13	2.19	2	849
13	2.01	2	856.5
13	2.06	2	864
13	2.22	2	871.5
13	2.05	2	879
13	2.06	2	885
13	1.9	2	892.5
13	2	2	900
13	2.06	2	907.5
13	2.15	2	915
13	2.63	2	921
13	2.11	2	928.5
13	2.03	2	936
13	2.09	2	943.5
13	2.01	2	951
13	2.15	2	957
13	2.21	2	964.5
13	2.02	2	972
13	1.88	2	979.5
13	2.22	2	987
13	2.02	2	993
13	2.6	2	1000.5
13	2.63	2	1008
13	3.08	2	1015.5
13	2.27	2	1023
13	2.32	2	1029
13	2.5	2	1036.5
13	2.37	2	1044
13	2.36	2	1051.5
13	2.15	2	1059
13	2.27	2	1065
13	2.3	2	1072.5
13	2.28	2	1080
13	3.04	2	1087.5
13	2.1	2	1095
13	2.47	2	1101
13	2.16	2	1108.5
13	2.06	2	1116
13	2.14	2	1123.5
13	2.53	2	1131
13	2.43	2	1137
13	2.55	2	1144.5
13	2.17	2	1152
13	2.28	2	1159.5
13	2.34	2	1167
13	2.32	2	1173
13	2.24	2	1180.5
13	2.28	2	1188
13	2.87	2	1195.5
13	2.65	2	1203
13	2.82	2	1209
13	2.61	2	1216.5
13	2.31	2	1224
13	2.58	2	1231.5
13	2.13	2	1239
13	2.02	2	1245
13	2.09	2	1252.5
13	2.29	2	1260
13	2.15	2	1267.5
13	2.2	2	1275
13	2.24	2	1281
13	2.16	2	1288.5
13	2.14	2	1296
13	3.1	2	1303.5
13	2.73	2	1311
13	3.4	2	1317
13	2.9	2	1324.5
13	2.33	2	1332
13	2.41	2	1339.5
13	2.51	2	1347
13	2.52	2	1353
13	2.23	2	1360.5
13	2.83	2	1368
13	2.4	2	1375.5
13	2.2	2	1383
13	3.11	2	1389
13	2.63	2	1396.5
13	2.48	2	1404
14	2.88	2	0
14	2.59	2	7.5
14	3.5	2	15
14	2.51	2	22.5
14	2.9	2	28.5
14	2.75	2	36
14	2.23	2	43.5
14	2.22	2	51
14	2.55	2	58.5
14	2.69	2	64.5
14	2.83	2	72
14	2.55	2	79.5
14	2.2	2	87
14	2.67	2	94.5
14	2.51	2	100.5
14	2.18	2	108
14	2.08	2	115.5
14	2.11	2	123
14	2.15	2	130.5
14	2.38	2	136.5
14	2.18	2	144
14	2.46	2	151.5
14	2.44	2	159
14	2.8	2	166.5
14	3.1	2	172.5
14	2.83	2	180
14	2.24	2	187.5
14	2.06	2	195
14	1.97	2	202.5
14	2.24	2	208.5
14	2.13	2	216
14	1.87	2	223.5
14	2.04	2	231
14	2.3	2	238.5
14	2.73	2	244.5
14	2.39	2	252
14	2.74	2	259.5
14	2.61	2	267
14	2.49	2	274.5
14	2.94	2	280.5
14	2.72	2	288
14	2.5	2	295.5
14	2.44	2	303
14	2.16	2	310.5
14	2.16	2	316.5
14	2.06	2	324
14	2.12	2	331.5
14	2.05	2	339
14	1.95	2	346.5
14	1.98	2	352.5
14	2.18	2	360
14	2.51	2	367.5
14	2.39	2	375
14	2.82	2	382.5
14	2.51	2	388.5
14	2.15	2	396
14	2.81	2	403.5
14	2.86	2	411
14	2.21	2	418.5
14	2.28	2	424.5
14	2.15	2	432
14	2.02	2	439.5
14	2.13	2	447
14	1.99	2	454.5
14	1.98	2	460.5
14	2.08	2	468
14	2.01	2	475.5
14	2.06	2	483
14	2.01	2	490.5
14	2.25	2	496.5
14	2.47	2	504
14	2.88	2	511.5
14	2.5	2	519
14	2.24	2	526.5
14	2.05	2	532.5
14	2.12	2	540
14	1.97	2	547.5
14	2	2	555
14	1.97	2	562.5
14	2.33	2	568.5
14	1.93	2	576
14	2.4	2	583.5
14	1.97	2	591
14	1.9	2	598.5
14	1.87	2	604.5
14	2.19	2	612
14	1.97	2	619.5
14	1.82	2	627
14	2.17	2	634.5
14	2.5	2	640.5
14	2.15	2	648
14	1.92	2	655.5
14	1.89	2	663
14	1.86	2	670.5
14	1.91	2	676.5
14	2.01	2	684
14	1.7	2	691.5
14	1.66	2	699
14	2.09	2	706.5
14	2.32	2	712.5
14	2.4	2	720
14	2.51	2	727.5
14	2.02	2	735
14	1.75	2	742.5
14	1.98	2	748.5
14	1.8	2	756
14	1.66	2	763.5
14	1.65	2	771
14	1.66	2	778.5
14	1.73	2	784.5
14	1.81	2	792
14	1.63	2	799.5
14	1.68	2	807
14	1.72	2	814.5
14	1.67	2	820.5
14	1.66	2	828
14	1.59	2	835.5
14	1.69	2	843
14	1.66	2	850.5
14	1.64	2	856.5
14	1.63	2	864
14	1.61	2	871.5
14	1.51	2	879
14	1.57	2	886.5
14	1.83	2	892.5
14	2.41	2	900
14	2.36	2	907.5
14	2.64	2	915
14	2.26	2	922.5
14	1.98	2	928.5
14	2	2	936
14	1.83	2	943.5
14	1.81	2	951
14	1.98	2	958.5
14	1.74	2	964.5
14	1.86	2	972
14	1.86	2	979.5
14	1.91	2	987
14	1.62	2	994.5
14	1.75	2	1000.5
14	1.64	2	1008
14	1.82	2	1015.5
14	1.68	2	1023
14	1.75	2	1030.5
14	1.61	2	1036.5
14	1.85	2	1044
14	1.68	2	1051.5
14	1.66	2	1059
14	1.6	2	1066.5
14	1.69	2	1072.5
14	1.66	2	1080
14	1.52	2	1087.5
14	1.67	2	1095
14	1.66	2	1102.5
14	1.64	2	1108.5
14	1.63	2	1116
14	1.61	2	1123.5
14	1.64	2	1131
14	1.4	2	1138.5
14	2.12	2	1144.5
14	2.54	2	1152
14	2.64	2	1159.5
14	2.48	2	1167
14	2.88	2	1174.5
14	2.74	2	1180.5
14	2.53	2	1188
14	2.5	2	1195.5
14	2.47	2	1203
14	2.09	2	1210.5
14	2.73	2	1216.5
14	2.42	2	1224
14	2.47	2	1231.5
14	2.1	2	1239
14	1.93	2	1246.5
14	2.03	2	1252.5
14	2.28	2	1260
14	2.63	2	1267.5
14	2.37	2	1275
14	2.34	2	1282.5
14	2.1	2	1288.5
14	2.53	2	1296
14	2.83	2	1303.5
14	2.36	2	1311
14	2	2	1318.5
14	2.12	2	1324.5
14	2.07	2	1332
14	1.9	2	1339.5
14	2.15	2	1347
14	2	2	1354.5
14	2.5	2	1360.5
14	2.71	2	1368
14	2.75	2	1375.5
14	2.63	2	1383
14	2.22	2	1390.5
14	1.92	2	1396.5
14	2.04	2	1404
15	3.18	2	0
15	2.78	2	7.5
15	2.26	2	15
15	2.93	2	22.5
15	2.74	2	28.5
15	2.7	2	36
15	2.23	2	43.5
15	2.87	2	51
15	2.64	2	58.5
15	3.12	2	64.5
15	2.57	2	72
15	2.19	2	79.5
15	2.23	2	87
15	1.99	2	94.5
15	2.32	2	100.5
15	2.05	2	108
15	1.9	2	115.5
15	2.09	2	123
15	2.11	2	130.5
15	2.52	2	136.5
15	2.22	2	144
15	2.17	2	151.5
15	2.18	2	159
15	1.98	2	166.5
15	2.09	2	172.5
15	2.24	2	180
15	1.9	2	187.5
15	2.65	2	195
15	2.77	2	202.5
15	2.32	2	208.5
15	3.01	2	216
15	2.98	2	223.5
15	2.03	2	231
15	2.17	2	238.5
15	2.19	2	244.5
15	2.22	2	252
15	2.08	2	259.5
15	2.08	2	267
15	1.98	2	274.5
15	2.07	2	280.5
15	2.31	2	288
15	2.14	2	295.5
15	2.01	2	303
15	1.98	2	310.5
15	2.06	2	316.5
15	1.99	2	324
15	2.36	2	331.5
15	2.68	2	339
15	2.76	2	346.5
15	2.97	2	352.5
15	2.24	2	360
15	2.28	2	367.5
15	2.31	2	375
15	1.91	2	382.5
15	2.05	2	388.5
15	1.93	2	396
15	2.04	2	403.5
15	1.8	2	411
15	1.69	2	418.5
15	2.15	2	424.5
15	2.06	2	432
15	2.22	2	439.5
15	3.13	2	447
15	3.01	2	454.5
15	2.59	2	460.5
15	3.04	2	468
15	2.89	2	475.5
15	2.86	2	483
15	2.09	2	490.5
15	2.17	2	496.5
15	2.34	2	504
15	2.14	2	511.5
15	2	2	519
15	2.07	2	526.5
15	1.97	2	532.5
15	2.04	2	540
15	1.92	2	547.5
15	1.83	2	555
15	1.75	2	562.5
15	2.07	2	568.5
15	2.06	2	576
15	1.86	2	583.5
15	1.82	2	591
15	1.62	2	598.5
15	1.79	2	604.5
15	1.87	2	612
15	1.79	2	619.5
15	1.72	2	627
15	1.66	2	634.5
15	2.24	2	640.5
15	2.59	2	648
15	2.46	2	655.5
15	2.84	2	663
15	1.98	2	670.5
15	2.05	2	676.5
15	2.05	2	684
15	2	2	691.5
15	1.84	2	699
15	1.75	2	706.5
15	1.87	2	712.5
15	1.98	2	720
15	1.78	2	727.5
15	1.64	2	735
15	1.9	2	742.5
15	1.97	2	748.5
15	1.94	2	756
15	1.71	2	763.5
15	1.62	2	771
15	1.55	2	778.5
15	1.88	2	784.5
15	1.87	2	792
15	1.7	2	799.5
15	1.63	2	807
15	1.47	2	814.5
15	1.71	2	820.5
15	1.96	2	828
15	1.71	2	835.5
15	2.25	2	843
15	2.39	2	850.5
15	2.71	2	856.5
15	2.61	2	864
15	2.87	2	871.5
15	2.6	2	879
15	2.31	2	886.5
15	2.26	2	892.5
15	2.17	2	900
15	1.98	2	907.5
15	1.91	2	915
15	1.8	2	922.5
15	2.26	2	928.5
15	1.96	2	936
15	1.95	2	943.5
15	1.97	2	951
15	1.7	2	958.5
15	1.84	2	964.5
15	1.87	2	972
15	1.79	2	979.5
15	1.61	2	987
15	1.54	2	994.5
15	2.12	2	1000.5
15	2.42	2	1008
15	2.88	2	1015.5
15	2.66	2	1023
15	2.76	2	1030.5
15	2.81	2	1036.5
15	2.74	2	1044
15	2.59	2	1051.5
15	2.32	2	1059
15	2.34	2	1066.5
15	2.17	2	1072.5
15	1.96	2	1080
15	2.21	2	1087.5
15	2.53	2	1095
15	2.82	2	1102.5
15	2.75	2	1108.5
15	2.86	2	1116
15	2.46	2	1123.5
15	2.03	2	1131
15	2	2	1138.5
15	1.97	2	1144.5
15	1.9	2	1152
15	2.03	2	1159.5
15	1.93	2	1167
15	1.78	2	1174.5
15	1.95	2	1180.5
15	1.99	2	1188
15	2.12	2	1195.5
15	2.52	2	1203
15	2.01	2	1210.5
15	2.07	2	1216.5
15	1.85	2	1224
15	2.63	2	1231.5
15	2.86	2	1239
15	2.54	2	1246.5
15	3.07	2	1252.5
15	2.44	2	1260
15	2.16	2	1267.5
15	2.2	2	1275
15	2.14	2	1282.5
15	2.11	2	1288.5
15	2.44	2	1296
15	2.07	2	1303.5
15	2.04	2	1311
15	1.91	2	1318.5
15	1.97	2	1324.5
15	2.07	2	1332
15	1.95	2	1339.5
15	1.98	2	1347
15	2.43	2	1354.5
15	2.74	2	1360.5
15	2.89	2	1368
15	3.55	2	1375.5
15	3.1	2	1383
15	3.18	2	1390.5
15	2.51	2	1396.5
16	2.2	2	0
16	2.63	2	7.5
16	2.73	2	15
16	3.15	2	22.5
16	3.38	2	30
16	3.15	2	36
16	2.37	2	43.5
16	2.18	2	51
16	2.24	2	58.5
16	3.1	2	66
16	3.03	2	72
16	3.42	2	79.5
16	3.21	2	87
16	2.34	2	94.5
16	2.27	2	102
16	2.37	2	108
16	2.51	2	115.5
16	3.55	2	123
16	2.73	2	130.5
16	2.09	2	138
16	2.32	2	144
16	2.49	2	151.5
16	2.4	2	159
16	2.29	2	166.5
16	2.18	2	174
16	2.33	2	180
16	2.93	2	187.5
16	2.84	2	195
16	3.15	2	202.5
16	2.87	2	210
16	3.21	2	216
16	3.06	2	223.5
16	2.39	2	231
16	2.89	2	238.5
16	3.4	2	246
16	3.59	2	252
16	2.38	2	259.5
16	2.36	2	267
16	2.24	2	274.5
16	1.81	2	282
16	2.47	2	288
16	2.21	2	295.5
16	2.56	2	303
16	2.68	2	310.5
16	2.79	2	318
16	3.63	2	324
16	2.95	2	331.5
16	2.52	2	339
16	1.99	2	346.5
16	2.12	2	354
16	2.19	2	360
16	2.24	2	367.5
16	2.36	2	375
16	2.17	2	382.5
16	1.92	2	390
16	2.12	2	396
16	1.93	2	403.5
16	2.76	2	411
16	3.18	2	418.5
16	3.25	2	426
16	2.92	2	432
16	3.28	2	439.5
16	2.66	2	447
16	1.89	2	454.5
16	2.24	2	462
16	2.86	2	468
16	2.4	2	475.5
16	2.43	2	483
16	1.85	2	490.5
16	2.42	2	498
16	1.82	2	504
16	2.36	2	511.5
16	2.08	2	519
16	1.77	2	526.5
16	1.73	2	534
16	2.11	2	540
16	2.65	2	547.5
16	2.94	2	555
16	1.73	2	562.5
16	1.87	2	570
16	1.97	2	576
16	1.82	2	583.5
16	1.82	2	591
16	1.7	2	598.5
16	1.74	2	606
16	2.08	2	612
16	2.35	2	619.5
16	1.6	2	627
16	1.82	2	634.5
16	1.86	2	642
16	2.91	2	648
16	3.07	2	655.5
16	2.73	2	663
16	2.47	2	670.5
16	1.87	2	678
16	1.75	2	684
16	2.34	2	691.5
16	2.39	2	699
16	1.77	2	706.5
16	2.08	2	714
16	1.74	2	720
16	1.52	2	727.5
16	1.46	2	735
16	1.51	2	742.5
16	1.82	2	750
16	1.8	2	756
16	1.74	2	763.5
16	1.54	2	771
16	1.37	2	778.5
16	1.75	2	786
16	1.89	2	792
16	1.64	2	799.5
16	1.87	2	807
16	1.63	2	814.5
16	1.65	2	822
16	1.83	2	828
16	1.72	2	835.5
16	1.68	2	843
16	1.56	2	850.5
16	1.56	2	858
16	1.74	2	864
16	2.01	2	871.5
16	1.71	2	879
16	1.53	2	886.5
16	1.64	2	894
16	1.49	2	900
16	1.48	2	907.5
16	1.64	2	915
16	1.42	2	922.5
16	1.52	2	930
16	1.58	2	936
16	1.64	2	943.5
16	1.75	2	951
16	1.53	2	958.5
16	1.89	2	966
16	1.73	2	972
16	1.59	2	979.5
16	1.4	2	987
16	1.54	2	994.5
16	1.87	2	1002
16	1.78	2	1008
16	1.86	2	1015.5
16	2.66	2	1023
16	2.84	2	1030.5
16	3.17	2	1038
16	2.71	2	1044
16	2.73	2	1051.5
16	2.42	2	1059
16	2.32	2	1066.5
16	2.19	2	1074
16	2.36	2	1080
16	1.93	2	1087.5
16	1.95	2	1095
16	2.41	2	1102.5
16	3.15	2	1110
16	2.99	2	1116
16	2.66	2	1123.5
16	2.93	2	1131
16	2.83	2	1138.5
16	2.14	2	1146
16	2.92	2	1152
16	2.33	2	1159.5
16	2.08	2	1167
16	2.02	2	1174.5
16	2.01	2	1182
16	2.53	2	1188
16	2.37	2	1195.5
16	3.15	2	1203
16	3.33	2	1210.5
16	2.82	2	1218
16	2.39	2	1224
16	2.07	2	1231.5
16	2.23	2	1239
16	2.52	2	1246.5
16	2.31	2	1254
16	2.17	2	1260
16	1.86	2	1267.5
16	2.06	2	1275
16	1.97	2	1282.5
16	2.03	2	1290
16	2.92	2	1296
16	2.81	2	1303.5
16	1.85	2	1311
16	2.01	2	1318.5
16	1.93	2	1326
16	2.6	2	1332
16	2.14	2	1339.5
16	1.91	2	1347
16	1.88	2	1354.5
16	1.97	2	1362
16	1.96	2	1368
16	2.02	2	1375.5
16	2.14	2	1383
16	2.82	2	1390.5
16	3.56	2	1398
17	3.32	2	0
17	3.54	2	7.5
17	3.31	2	15
17	3.9	2	21
17	4.05	2	28.5
17	3.7	2	36
17	3.35	2	43.5
17	2.84	2	51
17	2.63	2	57
17	3.14	2	64.5
17	2.71	2	72
17	2.45	2	79.5
17	2.33	2	87
17	2.26	2	93
17	2.83	2	100.5
17	2.69	2	108
17	2.76	2	115.5
17	3.14	2	123
17	2.88	2	129
17	2.54	2	136.5
17	3.37	2	144
17	2.47	2	151.5
17	2.54	2	159
17	2.87	2	165
17	3.33	2	172.5
17	2.98	2	180
17	2.41	2	187.5
17	2.93	2	195
17	3.14	2	201
17	3.28	2	208.5
17	2.56	2	216
17	2.44	2	223.5
17	2.39	2	231
17	2.37	2	237
17	2.3	2	244.5
17	2.26	2	252
17	2.42	2	259.5
17	3	2	267
17	2.97	2	273
17	2.27	2	280.5
17	2.06	2	288
17	1.93	2	295.5
17	2.14	2	303
17	2.36	2	309
17	2.08	2	316.5
17	2.17	2	324
17	2.13	2	331.5
17	2.05	2	339
17	2.02	2	345
17	2.49	2	352.5
17	2.81	2	360
17	2.95	2	367.5
17	3.04	2	375
17	3.03	2	381
17	3.01	2	388.5
17	3.28	2	396
17	2.52	2	403.5
17	2.36	2	411
17	2.45	2	417
17	2.18	2	424.5
17	2.43	2	432
17	2.17	2	439.5
17	2.09	2	447
17	2.07	2	453
17	2.01	2	460.5
17	2.51	2	468
17	2.7	2	475.5
17	2.64	2	483
17	2.85	2	489
17	2.92	2	496.5
17	2.51	2	504
17	2.21	2	511.5
17	2.13	2	519
17	2.14	2	525
17	2.02	2	532.5
17	2.13	2	540
17	2.03	2	547.5
17	2.11	2	555
17	2.08	2	561
17	2.02	2	568.5
17	2.02	2	576
17	2.03	2	583.5
17	1.9	2	591
17	2.07	2	597
17	2.03	2	604.5
17	2.43	2	612
17	2.72	2	619.5
17	2.59	2	627
17	2.22	2	633
17	2.03	2	640.5
17	1.93	2	648
17	2.17	2	655.5
17	1.93	2	663
17	2.13	2	669
17	2.08	2	676.5
17	2	2	684
17	2.02	2	691.5
17	2.13	2	699
17	2.52	2	705
17	2.56	2	712.5
17	2.34	2	720
17	2.11	2	727.5
17	2	2	735
17	1.86	2	741
17	1.88	2	748.5
17	1.9	2	756
17	1.86	2	763.5
17	2.45	2	771
17	2.08	2	777
17	1.84	2	784.5
17	1.86	2	792
17	2.18	2	799.5
17	1.98	2	807
17	1.78	2	813
17	1.81	2	820.5
17	1.97	2	828
17	1.96	2	835.5
17	1.78	2	843
17	1.8	2	849
17	1.68	2	856.5
17	1.82	2	864
17	1.94	2	871.5
17	2.21	2	879
17	1.86	2	885
17	1.89	2	892.5
17	1.77	2	900
17	1.86	2	907.5
17	1.91	2	915
17	1.89	2	921
17	2.08	2	928.5
17	1.79	2	936
17	1.75	2	943.5
17	1.81	2	951
17	1.87	2	957
17	2.22	2	964.5
17	2.69	2	972
17	2.62	2	979.5
17	2.75	2	987
17	2.18	2	993
17	2.09	2	1000.5
17	2.01	2	1008
17	2.03	2	1015.5
17	1.88	2	1023
17	2.08	2	1029
17	2.38	2	1036.5
17	1.85	2	1044
17	2.04	2	1051.5
17	2.58	2	1059
17	2.58	2	1065
17	2.47	2	1072.5
17	2.33	2	1080
17	2.11	2	1087.5
17	2.23	2	1095
17	3.11	2	1101
17	2.8	2	1108.5
17	2.75	2	1116
17	2.41	2	1123.5
17	2.32	2	1131
17	2.27	2	1137
17	2.42	2	1144.5
17	2.26	2	1152
17	2.56	2	1159.5
17	2.74	2	1167
17	3	2	1173
17	2.74	2	1180.5
17	3.25	2	1188
17	2.8	2	1195.5
17	2.82	2	1203
17	2.24	2	1209
17	2.12	2	1216.5
17	2.11	2	1224
17	2.18	2	1231.5
17	2.12	2	1239
17	2.09	2	1245
17	2.06	2	1252.5
17	2.21	2	1260
17	2.68	2	1267.5
17	3.06	2	1275
17	2.74	2	1281
17	2.8	2	1288.5
17	2.7	2	1296
17	2.72	2	1303.5
17	2.3	2	1311
17	2.46	2	1317
17	2.54	2	1324.5
17	2.7	2	1332
17	2.89	2	1339.5
17	2.4	2	1347
17	2.59	2	1353
17	2.45	2	1360.5
17	2.96	2	1368
17	3.09	2	1375.5
17	2.49	2	1383
17	2.35	2	1389
17	2.4	2	1396.5
17	2.83	2	1404
18	3.43	2	0
18	3.6	2	7.5
18	3.67	2	15
18	2.91	2	22.5
18	3.21	2	28.5
18	2.61	2	36
18	3.19	2	43.5
18	3.04	2	51
18	3.14	2	58.5
18	2.89	2	64.5
18	2.91	2	72
18	2.41	2	79.5
18	2.63	2	87
18	2.19	2	94.5
18	2.56	2	100.5
18	2.11	2	108
18	2.16	2	115.5
18	2.07	2	123
18	2.3	2	130.5
18	2.28	2	136.5
18	2.71	2	144
18	2.16	2	151.5
18	2.01	2	159
18	1.97	2	166.5
18	1.95	2	172.5
18	2.35	2	180
18	2.69	2	187.5
18	2.11	2	195
18	2.64	2	202.5
18	2.62	2	208.5
18	2.89	2	216
18	2.25	2	223.5
18	2.11	2	231
18	2.1	2	238.5
18	2.05	2	244.5
18	2.35	2	252
18	3.01	2	259.5
18	3.2	2	267
18	3.2	2	274.5
18	2.75	2	280.5
18	2.36	2	288
18	2.74	2	295.5
18	2.97	2	303
18	2.56	2	310.5
18	2.4	2	316.5
18	2.1	2	324
18	2.82	2	331.5
18	2.5	2	339
18	2.95	2	346.5
18	2.3	2	352.5
18	2.26	2	360
18	2.89	2	367.5
18	2.75	2	375
18	2.05	2	382.5
18	2	2	388.5
18	2.02	2	396
18	2.02	2	403.5
18	1.96	2	411
18	2.08	2	418.5
18	2.05	2	424.5
18	2.46	2	432
18	2.76	2	439.5
18	2.72	2	447
18	2.62	2	454.5
18	2.71	2	460.5
18	2.2	2	468
18	2.06	2	475.5
18	2.06	2	483
18	1.82	2	490.5
18	2.04	2	496.5
18	1.96	2	504
18	1.87	2	511.5
18	1.89	2	519
18	1.83	2	526.5
18	1.8	2	532.5
18	1.74	2	540
18	2.01	2	547.5
18	2.16	2	555
18	2.25	2	562.5
18	2.4	2	568.5
18	2.41	2	576
18	2.34	2	583.5
18	2.28	2	591
18	2.08	2	598.5
18	2	2	604.5
18	1.93	2	612
18	1.72	2	619.5
18	1.85	2	627
18	1.76	2	634.5
18	1.8	2	640.5
18	1.7	2	648
18	1.94	2	655.5
18	2.37	2	663
18	1.83	2	670.5
18	1.68	2	676.5
18	1.68	2	684
18	1.65	2	691.5
18	2.05	2	699
18	1.66	2	706.5
18	1.69	2	712.5
18	1.82	2	720
18	1.59	2	727.5
18	1.81	2	735
18	1.66	2	742.5
18	1.73	2	748.5
18	1.57	2	756
18	1.65	2	763.5
18	1.71	2	771
18	1.63	2	778.5
18	1.58	2	784.5
18	1.98	2	792
18	2.16	2	799.5
18	2.39	2	807
18	2.08	2	814.5
18	1.89	2	820.5
18	1.69	2	828
18	1.64	2	835.5
18	1.84	2	843
18	1.75	2	850.5
18	1.66	2	856.5
18	1.64	2	864
18	1.7	2	871.5
18	1.65	2	879
18	1.67	2	886.5
18	1.78	2	892.5
18	1.65	2	900
18	1.65	2	907.5
18	1.84	2	915
18	1.6	2	922.5
18	1.69	2	928.5
18	1.59	2	936
18	1.53	2	943.5
18	1.61	2	951
18	1.62	2	958.5
18	1.46	2	964.5
18	1.62	2	972
18	1.6	2	979.5
18	1.92	2	987
18	2.31	2	994.5
18	2.23	2	1000.5
18	1.65	2	1008
18	1.76	2	1015.5
18	1.72	2	1023
18	1.67	2	1030.5
18	1.51	2	1036.5
18	1.81	2	1044
18	1.68	2	1051.5
18	1.66	2	1059
18	1.69	2	1066.5
18	1.71	2	1072.5
18	1.83	2	1080
18	1.63	2	1087.5
18	1.71	2	1095
18	2.38	2	1102.5
18	2.48	2	1108.5
18	2.61	2	1116
18	2.52	2	1123.5
18	2.79	2	1131
18	2.77	2	1138.5
18	2.66	2	1144.5
18	2.39	2	1152
18	2.16	2	1159.5
18	2.85	2	1167
18	2.58	2	1174.5
18	2.67	2	1180.5
18	1.9	2	1188
18	2	2	1195.5
18	1.99	2	1203
18	1.92	2	1210.5
18	2.45	2	1216.5
18	2.8	2	1224
18	2.84	2	1231.5
18	2.29	2	1239
18	2.41	2	1246.5
18	2.15	2	1252.5
18	2.42	2	1260
18	1.53	2	1267.5
18	2.11	2	1275
18	2.27	2	1282.5
18	2.18	2	1288.5
18	1.99	2	1296
18	2.5	2	1303.5
18	2.66	2	1311
18	2.45	2	1318.5
18	2.19	2	1324.5
18	2.36	2	1332
18	2.03	2	1339.5
18	2.1	2	1347
18	1.99	2	1354.5
18	1.78	2	1360.5
18	2.28	2	1368
18	2.57	2	1375.5
18	3.12	2	1383
18	2.94	2	1390.5
18	2.66	2	1396.5
18	2.56	2	1404
